2306862
2300896
2319536
2302542
2316435
2306318
2302128
2310940
2301804
2305944
2311369
2300059
2302815
2310009
2304054
2300481
2316985
2306649
2304486
2314082
2310966
2301063
2303135
2314967
2314908
2304190
2319364
2303219
2302347
2313166
2309570
2307860
2304552
2311737
2319934
2303230
2309371
2302857
2308300
2312153
2301325
2300734
2309700
2314524
2301364
2318189
2314595
2319145
2308648
2301343
2303066
2312341
2314971
2304458
2310047
2303115
2319048
2310998
2308189
2310163
2319472
2301941
2310033
2319241
2315223
2310972
2308114
2308122
2316823
2308767
2304512
2300056
2316996
2302524
2301626
2316037
2311504
2311245
2306987
2311837
2316888
2319043
2308401
2312898
2301134
2319446
2308290
2300934
2313688
2316822
2304818
2304636
2302265
2314180
2313719
2307824
2303476
2302154
2305979
2303320