1.6 1.61
1.41 1.43
3.02 3.04
2.61 2.63
4.03 4.06
4.13 4.13
1.04 1.05
2.18 2.19
1.16 1.19
2.6 2.63
2.1 2.13
3.25 3.28
2.59 2.6
2.7 2.72
4 4.01
4.48 4.51
2.41 2.43
2.56 2.58
3.3 3.3
3.22 3.22
1.18 1.21
3.96 3.96
3.12 3.14
1.56 1.58
1.51 1.52
2.43 2.46
3.86 3.89
2.68 2.68
3.21 3.23
4.38 4.41
1.39 1.41
4.43 4.43
1.23 1.26
3.63 3.66
3.3 3.32
2.46 2.49
2.64 2.65
2.41 2.42
1.57 1.58
1.79 1.82
3.67 3.67
1.68 1.71
3.71 3.73
4.49 4.51
2.72 2.75
1 1.02
4.03 4.03
1.56 1.59
2.44 2.46
4.27 4.28
2.15 2.17
3.42 3.45
1.01 1.02
3.89 3.91
1.03 1.06
2.23 2.25
3.35 3.35
2.43 2.44
3.17 3.2
3.66 3.66
2.08 2.11
2.72 2.73
1.57 1.59
1.95 1.95
1.84 1.86
4.27 4.27
3.54 3.57
2 2
1.8 1.82
1.44 1.47
1.38 1.39
3.67 3.7
3.5 3.53
2.74 2.75
2.6 2.61
1.94 1.97
3.98 3.98
3.05 3.05
1.57 1.59
3.51 3.52
1.2 1.22
2.78 2.81
3.79 3.81
3.78 3.8
2.21 2.21
1.34 1.37
4.29 4.3
2.6 2.63
1.24 1.26
2.75 2.77
2.4 2.4
1.28 1.3
4.22 4.24
1.84 1.86
1.93 1.96
3.65 3.65
3.94 3.96
2 2.02
2.78 2.78
3.9 3.93
