12490
2312583
2312838
2312845
2313897
2314976
2315841
2316195
2316449
2316460
2316680
2317161
2317168
2317267
2317720
2318073
2318290
2318356
2318621
2318640
2319855
2310492
2310647
2303895
2301531
2301572
2301624
2301648
2301846
2302032
2302077
2302375
2303022
2303119
2305767
2305902
2306188
2306196
2306288
2306583
2306647
2307097
2307432
2307964
2308226
2308421
2308507
2311492
2312236
2312322
2312432
2312438
2312686
2313054
2313427
2313523
2314290
2314759
2315469
2315494
2315547
2315690
2316438
2317353
2317803
2318405
2318534
2318742
2318933
2319804
2309030
2309077
2309109
2309409
2309605
2310019
2310138
2310153
2310549
2310585
2303658
2304945
2305108
2305150
2301326
2300113
2300172
2310824
2310845
2311212
2311431
2312216
2312655
2312745
2313176
2313297
2313552
2313850
2313864
2314248
2314305
2314502
2315604
2315922
2315972
2316333
2316409
2316719
2317841
2317921
2318304
2318783
2318790
2319117
2319384
2301254
2302141
2302197
2302622
2300266
2303085
2303608
2304605
2300499
2301118
2300636
2305658
2306010
2306074
2306488
2306532
2306895
2307012
2307077
2307236
2307257
2307342
2308450
2308620
2308917
2309507
2309541
2310035
2310264
2301741
2301954
2301973
2302796
2303112
2303171
2303387
2310834
2311291
2311430
2312121
2312632
2314113
2314189
2314530
2314791
2314880
2314972
2315162
2315770
2315784
2315988
2316886
2316912
2317422
2317460
2317489
2317684
2317698
2317786
2317849
2318412
2318431
2319231
2319265
2319341
2319440
2319618
2303471
2304547
2304616
2304619
2304659
2302254
2305537
2305830
2306305
2306347
2307089
2307417
2307458
2307606
2307796
2307823
2308520
2308683
2308816
2309702
2310051
2310397
2302336
2302339
2302473
2301462
2302368
2302813
2302931
2302972
2303856
2304060
2304211
2304485
2310959
2311267
2311744
2311759
2311809
2312001
2312208
2312648
2312697
23132